Provincia,Localidad,ADSL,CABLEMODEM,DIALUP,FIBRAOPTICA,4G,3G,TELEFONIAFIJA,WIRELESS,SATELITAL
buenos aires,900,354,345,213,443,654,589,548,497,157
caba,48,48,48,48,48,48,48,48,48,48
catamarca,182,7,3,1,23,57,29,31,33,48
chaco,92,28,14,1,45,75,44,47,46,43
chubut,90,13,11,15,13,38,31,54,31,49
cordoba,556,181,89,5,172,344,277,310,292,73
corrientes,78,21,9,1,12,70,39,51,45,55
entre rios,194,47,39,4,44,128,78,128,130,22
formosa,63,13,3,0,16,42,16,30,59,23
jujuy,160,20,15,0,44,45,28,36,39,44
la pampa,89,10,18,13,50,47,31,69,68,60
la rioja,93,13,22,1,29,36,14,35,53,16
mendoza,210,30,18,28,77,128,118,74,106,19
misiones,143,29,25,0,39,86,40,59,49,26
neuquen,61,17,10,17,19,34,20,41,42,36
rio negro,163,23,12,21,45,65,55,52,80,69
salta,139,32,19,1,86,88,43,54,70,67
san juan,108,9,1,11,12,49,41,40,73,18
san luis,229,10,7,9,20,41,28,41,88,18
santa cruz,27,5,5,7,9,16,15,17,11,22
santa fe,388,175,133,3,132,296,179,290,250,66
santiago del estero,165,14,19,1,46,91,41,44,79,81
tierra del fuego,16,3,2,2,2,6,5,3,3,4
tucuman,116,30,9,1,20,88,69,60,50,15
