Año,Mes,Personal,Claro,Nextel,Movistar,Otros
2012,3,-17,19,0,-2,0.0
2012,4,3508,-1134,-189,-2185,0.0
2012,5,1253,4792,-853,-5192,0.0
2012,6,3263,-1248,-848,-1167,0.0
2012,7,5554,-3847,-1105,-602,0.0
2012,8,3131,-1622,-1265,-244,0.0
2012,9,3701,568,-1637,-2632,0.0
2012,10,3894,1870,-1768,-3996,0.0
2012,11,2358,1124,-1326,-2156,0.0
2012,12,671,2452,-1478,-1645,0.0
2013,1,1186,3149,-1267,-3068,0.0
2013,2,-142,1282,-806,-334,0.0
2013,3,173,778,-1042,91,0.0
2013,4,-1637,3847,-1548,-662,0.0
2013,5,-2078,3972,-1427,-467,0.0
2013,6,-1442,2990,-1162,-386,0.0
2013,7,-2748,5868,-1695,-1425,0.0
2013,8,-4255,6698,-1451,-992,0.0
2013,9,-1032,6026,-1835,-3159,0.0
2013,10,-335,4638,-1567,-2736,0.0
2013,11,-715,4705,-1382,-2608,0.0
2013,12,2319,3903,-1333,-4889,0.0
2014,1,-200,6135,-1090,-4845,0.0
2014,2,-2152,8757,-1074,-5531,0.0
2014,3,-2314,10604,-1252,-7038,0.0
2014,4,3252,7131,-1551,-8832,0.0
2014,5,-846,8606,-1661,-6099,0.0
2014,6,-8059,18958,-2321,-8578,0.0
2014,7,-8914,16039,-1992,-5133,0.0
2014,8,-5095,16506,-1859,-9552,0.0
2014,9,-807,11581,-2018,-8756,0.0
2014,10,5607,8777,-2051,-12333,0.0
2014,11,-1780,11769,-1235,-8754,0.0
2014,12,4643,12160,-1350,-15453,0.0
2015,1,3041,15835,-1465,-17411,0.0
2015,2,-3283,20246,-1096,-15867,0.0
2015,3,-3860,22138,-1311,-16967,0.0
2015,4,-8856,33859,-1574,-23429,0.0
2015,5,-7273,35342,-1384,-26685,0.0
2015,6,340,38116,-2136,-36320,0.0
2015,7,-5374,34587,-1975,-27238,0.0
2015,8,-5840,30912,-1888,-23184,0.0
2015,9,-15094,37873,-1921,-20858,0.0
2015,10,-14975,29740,-2186,-12579,0.0
2015,11,-8894,12088,-2053,-1141,0.0
2015,12,1467,11232,-1917,-10782,0.0
2016,1,-941,9045,-1607,-6497,0.0
2016,2,-3112,8746,-1843,-3791,0.0
2016,3,-5977,2649,-2443,5771,0.0
2016,4,-11871,7300,-2956,7527,0.0
2016,5,-10221,4389,-3014,8846,0.0
2016,6,-6568,-243,-3496,10307,0.0
2016,7,-7617,936,-3872,10553,0.0
2016,8,-7011,1891,-4697,9817,0.0
2016,9,4031,7003,-4321,-6713,0.0
2016,10,2337,10836,-4964,-8209,0.0
2016,11,-402,1645,-4582,3339,0.0
2016,12,-453,5814,-4395,-966,0.0
2017,1,-44,10231,-3394,-6793,0.0
2017,2,-7817,7210,-2369,2976,0.0
2017,3,-15904,6519,-2801,12186,0.0
2017,4,-18668,2704,-2540,18504,0.0
2017,5,-18568,1028,-3005,20545,0.0
2017,6,-12652,-7104,-3059,22815,0.0
2017,7,-15445,-4709,-2820,22974,0.0
2017,8,-11738,-5405,-3247,20390,0.0
2017,9,-9133,-8596,-2480,20209,0.0
2017,10,-4870,-8320,-2834,16024,0.0
2017,11,-1265,-8424,-2501,12190,0.0
2017,12,-1743,-5784,-2041,9568,0.0
2018,1,156,1868,0,-2024,0.0
2018,2,1463,310,0,-1773,0.0
2018,3,-1849,4674,0,-2825,0.0
2018,4,3344,1259,0,-4603,0.0
2018,5,13904,-2548,0,-11356,0.0
2018,6,17019,-5019,0,-12000,0.0
2018,7,13149,-6045,0,-7104,0.0
2018,8,8202,-2546,0,-5656,0.0
2018,9,7798,-3796,0,-4002,0.0
2018,10,6195,-1349,0,-4846,0.0
2018,11,18313,-4153,0,-14160,0.0
2018,12,11317,-420,0,-10897,0.0
2019,1,20086,10198,0,-30284,0.0
2019,2,22486,2526,0,-25012,0.0
2019,3,22687,-5927,0,-16760,0.0
2019,4,31071,-23337,0,-7734,0.0
2019,5,13847,-36064,0,22217,0.0
2019,6,892,-42345,0,41453,0.0
2019,7,-13083,-27082,0,40165,0.0
2019,8,740,-12386,0,11646,0.0
2019,9,39279,-37923,0,-1356,0.0
2019,10,40098,-20858,0,-19240,0.0
2019,11,41931,-3890,0,-38041,0.0
2019,12,37242,26325,0,-63567,0.0
2020,1,9681,36449,0,-46130,0.0
2020,2,11049,19569,0,-30618,0.0
2020,3,13983,22278,0,-36261,0.0
2020,4,-3258,20440,0,-17182,0.0
2020,5,-9631,23830,0,-14199,0.0
2020,6,7328,10419,0,-17747,0.0
2020,7,-3189,8284,0,-5095,0.0
2020,8,14229,-23597,0,9368,0.0
2020,9,26117,-32870,0,6753,0.0
2020,10,14078,-29907,0,15829,0.0
2020,11,4652,-18960,0,14308,0.0
2020,12,1713,-19008,0,17295,0.0
2021,1,6755,7394,0,-14149,0.0
2021,2,-10571,9235,0,1336,0.0
2021,3,2881,6419,0,-9300,0.0
2021,4,1218,7828,0,-9046,0.0
2021,5,10855,-1128,0,-9727,0.0
2021,6,4161,7679,0,-11840,0.0
2021,7,-1825,13683,0,-11858,0.0
2021,8,-5993,1369,0,4624,0.0
2021,9,-248,13448,0,-13200,0.0
2021,10,3093,10566,0,-13659,0.0
2021,11,6372,12306,0,-18678,0.0
2021,12,591,9875,0,-10466,0.0
2022,1,15316,-5775,0,-9541,0.0
2022,2,8433,7222,0,-15655,0.0
2022,3,6951,4222,0,-11182,9.0
2022,4,1238,19168,0,-20430,24.0
2022,5,-4594,22626,0,-18081,49.0
2022,6,-3012,20311,0,-17348,49.0
2022,7,2263,7363,0,-9653,27.0
2022,8,996,19548,0,-20585,41.0
2022,9,-2209,18050,0,-15982,141.0
2022,10,-1605,987,0,469,149.0
